#y z r Fr
-4.0000000000000002e-01 -4.0000000000000002e-01 5.6568542494923812e-01 -3.5938108184110043e-02
-3.9466666666666672e-01 -3.9466666666666672e-01 5.5814295261658153e-01 -3.4565413858083080e-02
-3.8933333333333336e-01 -3.8933333333333336e-01 5.5060048028392505e-01 -3.3201900159689240e-02
-3.8400000000000001e-01 -3.8400000000000001e-01 5.4305800795126846e-01 -3.1671186207478115e-02
-3.7866666666666671e-01 -3.7866666666666671e-01 5.3551553561861198e-01 -3.0012815272314669e-02
-3.7333333333333335e-01 -3.7333333333333335e-01 5.2797306328595550e-01 -2.8291727594612834e-02
-3.6800000000000005e-01 -3.6800000000000005e-01 5.2043059095329902e-01 -2.6549128993816427e-02
-3.6266666666666669e-01 -3.6266666666666669e-01 5.1288811862064254e-01 -2.4803304337722792e-02
-3.5733333333333334e-01 -3.5733333333333334e-01 5.0534564628798595e-01 -2.3061282668354437e-02
-3.5200000000000004e-01 -3.5200000000000004e-01 4.9780317395532947e-01 -2.1327865055707673e-02
-3.4666666666666668e-01 -3.4666666666666668e-01 4.9026070162267299e-01 -1.9609628074583645e-02
-3.4133333333333332e-01 -3.4133333333333332e-01 4.8271822929001645e-01 -1.7915329124343713e-02
-3.3600000000000002e-01 -3.3600000000000002e-01 4.7517575695735997e-01 -1.6254702310758266e-02
-3.3066666666666666e-01 -3.3066666666666666e-01 4.6763328462470344e-01 -1.4637049897896120e-02
-3.2533333333333336e-01 -3.2533333333333336e-01 4.6009081229204696e-01 -1.3070285606448080e-02
-3.2000000000000001e-01 -3.2000000000000001e-01 4.5254833995939042e-01 -1.1560540960952539e-02
-3.1466666666666665e-01 -3.1466666666666665e-01 4.4500586762673389e-01 -1.0112170293735732e-02
-3.0933333333333335e-01 -3.0933333333333335e-01 4.3746339529407741e-01 -8.7279245613090615e-03
-3.0400000000000005e-01 -3.0400000000000005e-01 4.2992092296142093e-01 -7.4091184035983094e-03
-2.9866666666666669e-01 -2.9866666666666669e-01 4.2237845062876445e-01 -6.1557108008027557e-03
-2.9333333333333333e-01 -2.9333333333333333e-01 4.1483597829610791e-01 -4.9663061259021977e-03
-2.8799999999999998e-01 -2.8799999999999998e-01 4.0729350596345137e-01 -3.8381349400493062e-03
-2.8266666666666668e-01 -2.8266666666666668e-01 3.9975103363079489e-01 -2.7670882971193803e-03
-2.7733333333333338e-01 -2.7733333333333338e-01 3.9220856129813841e-01 -1.7478635416236889e-03
-2.7199999999999996e-01 -2.7199999999999996e-01 3.8466608896548182e-01 -7.7424666769507179e-04
-2.6666666666666666e-01 -2.6666666666666666e-01 3.7712361663282534e-01 1.6048061094171151e-04
-2.6133333333333336e-01 -2.6133333333333336e-01 3.6958114430016886e-01 1.0630516447592030e-03
-2.5600000000000001e-01 -2.5600000000000001e-01 3.6203867196751238e-01 1.9397045219887827e-03
-2.5066666666666665e-01 -2.5066666666666665e-01 3.5449619963485585e-01 2.7957159818832551e-03
-2.4533333333333332e-01 -2.4533333333333332e-01 3.4695372730219931e-01 3.6350364733624325e-03
-2.3999999999999999e-01 -2.3999999999999999e-01 3.3941125496954283e-01 4.4600656123764855e-03
-2.3466666666666669e-01 -2.3466666666666669e-01 3.3186878263688629e-01 5.2715849392117884e-03
-2.2933333333333331e-01 -2.2933333333333331e-01 3.2432631030422976e-01 6.0688422758004611e-03
-2.2399999999999998e-01 -2.2399999999999998e-01 3.1678383797157328e-01 6.8497627945343278e-03
-2.1866666666666668e-01 -2.1866666666666668e-01 3.0924136563891680e-01 7.6112485893934578e-03
-2.1333333333333335e-01 -2.1333333333333335e-01 3.0169889330626026e-01 8.3495222075752138e-03
-2.0800000000000002e-01 -2.0800000000000002e-01 2.9415642097360378e-01 9.0604701417085608e-03
-2.0266666666666666e-01 -2.0266666666666666e-01 2.8661394864094725e-01 9.7399486097487289e-03
-1.9733333333333333e-01 -1.9733333333333333e-01 2.7907147630829077e-01 1.0384024336545873e-02
-1.9200000000000000e-01 -1.9200000000000000e-01 2.7152900397563423e-01 1.0989135493586934e-02
-1.8666666666666665e-01 -1.8666666666666665e-01 2.6398653164297775e-01 1.1552170490554313e-02
-1.8133333333333335e-01 -1.8133333333333335e-01 2.5644405931032127e-01 1.2070473280157311e-02
-1.7599999999999999e-01 -1.7599999999999999e-01 2.4890158697766471e-01 1.2541792036411188e-02
-1.7066666666666666e-01 -1.7066666666666666e-01 2.4135911464500823e-01 1.2964192838047079e-02
-1.6533333333333333e-01 -1.6533333333333333e-01 2.3381664231235169e-01 1.3335961212352625e-02
-1.6000000000000000e-01 -1.6000000000000000e-01 2.2627416997969521e-01 1.3655512417372550e-02
-1.5466666666666665e-01 -1.5466666666666665e-01 2.1873169764703868e-01 1.3921326861416441e-02
-1.4933333333333332e-01 -1.4933333333333332e-01 2.1118922531438220e-01 1.4131920991245734e-02
-1.4399999999999999e-01 -1.4399999999999999e-01 2.0364675298172569e-01 1.4285857308486716e-02
-1.3866666666666666e-01 -1.3866666666666666e-01 1.9610428064906915e-01 1.4381790824488020e-02
-1.3333333333333333e-01 -1.3333333333333333e-01 1.8856180831641267e-01 1.4418544003161787e-02
-1.2799999999999997e-01 -1.2799999999999997e-01 1.8101933598375614e-01 1.4395198605350126e-02
-1.2266666666666666e-01 -1.2266666666666666e-01 1.7347686365109966e-01 1.4311191109531350e-02
-1.1733333333333332e-01 -1.1733333333333332e-01 1.6593439131844315e-01 1.4166398552681396e-02
-1.1199999999999999e-01 -1.1199999999999999e-01 1.5839191898578664e-01 1.3961203491089810e-02
-1.0666666666666665e-01 -1.0666666666666665e-01 1.5084944665313013e-01 1.3696529925105699e-02
-1.0133333333333333e-01 -1.0133333333333333e-01 1.4330697432047362e-01 1.3373845954014094e-02
-9.5999999999999988e-02 -9.5999999999999988e-02 1.3576450198781712e-01 1.2995133077323967e-02
-9.0666666666666659e-02 -9.0666666666666659e-02 1.2822202965516061e-01 1.2562825914127424e-02
-8.5333333333333317e-02 -8.5333333333333317e-02 1.2067955732250409e-01 1.2079729235137854e-02
-7.9999999999999988e-02 -7.9999999999999988e-02 1.1313708498984758e-01 1.1548921281429630e-02
-7.4666666666666645e-02 -7.4666666666666645e-02 1.0559461265719107e-01 1.0973653218848313e-02
-6.9333333333333316e-02 -6.9333333333333316e-02 9.8052140324534576e-02 1.0357254241457376e-02
-6.3999999999999987e-02 -6.3999999999999987e-02 9.0509667991878068e-02 9.7030504271575398e-03
-5.8666666666666645e-02 -5.8666666666666645e-02 8.2967195659221546e-02 9.0143032143026863e-03
-5.3333333333333316e-02 -5.3333333333333316e-02 7.5424723326565038e-02 8.2941706371769328e-03
-4.7999999999999980e-02 -4.7999999999999980e-02 6.7882250993908530e-02 7.5456915916863806e-03
-4.2666666666666644e-02 -4.2666666666666644e-02 6.0339778661252029e-02 6.7717907516171077e-03
-3.7333333333333309e-02 -3.7333333333333309e-02 5.2797306328595514e-02 5.9752996218169676e-03
-3.1999999999999980e-02 -3.1999999999999980e-02 4.5254833995939013e-02 5.1589878181829540e-03
-2.6666666666666644e-02 -2.6666666666666644e-02 3.7712361663282505e-02 4.3255981243586908e-03
-2.1333333333333312e-02 -2.1333333333333312e-02 3.0169889330625994e-02 3.4778792009266730e-03
-1.5999999999999976e-02 -1.5999999999999976e-02 2.2627416997969486e-02 2.6186109188736724e-03
-1.0666666666666642e-02 -1.0666666666666642e-02 1.5084944665312979e-02 1.7506189704206948e-03
-5.3333333333333080e-03 -5.3333333333333080e-03 7.5424723326564715e-03 8.7677742843962788e-04
2.5673907444456746e-17 2.5673907444456746e-17 3.6308388107062301e-17 0.0000000000000000e+00
5.3333333333333600e-03 5.3333333333333600e-03 7.5424723326565444e-03 8.7677742843963601e-04
1.0666666666666694e-02 1.0666666666666694e-02 1.5084944665313052e-02 1.7506189704207019e-03
1.6000000000000025e-02 1.6000000000000025e-02 2.2627416997969559e-02 2.6186109188736776e-03
2.1333333333333360e-02 2.1333333333333360e-02 3.0169889330626067e-02 3.4778792009266825e-03
2.6666666666666696e-02 2.6666666666666696e-02 3.7712361663282574e-02 4.3255981243586978e-03
3.2000000000000028e-02 3.2000000000000028e-02 4.5254833995939082e-02 5.1589878181829652e-03
3.7333333333333364e-02 3.7333333333333364e-02 5.2797306328595590e-02 5.9752996218169893e-03
4.2666666666666700e-02 4.2666666666666700e-02 6.0339778661252098e-02 6.7717907516171303e-03
4.8000000000000036e-02 4.8000000000000036e-02 6.7882250993908613e-02 7.5456915916863963e-03
5.3333333333333371e-02 5.3333333333333371e-02 7.5424723326565121e-02 8.2941706371769466e-03
5.8666666666666700e-02 5.8666666666666700e-02 8.2967195659221629e-02 9.0143032143026967e-03
6.4000000000000043e-02 6.4000000000000043e-02 9.0509667991878123e-02 9.7030504271575571e-03
6.9333333333333358e-02 6.9333333333333358e-02 9.8052140324534631e-02 1.0357254241457401e-02
7.4666666666666701e-02 7.4666666666666701e-02 1.0559461265719114e-01 1.0973653218848339e-02
8.0000000000000029e-02 8.0000000000000029e-02 1.1313708498984765e-01 1.1548921281429666e-02
8.5333333333333372e-02 8.5333333333333372e-02 1.2067955732250416e-01 1.2079729235137896e-02
9.0666666666666701e-02 9.0666666666666701e-02 1.2822202965516066e-01 1.2562825914127444e-02
9.6000000000000030e-02 9.6000000000000030e-02 1.3576450198781717e-01 1.2995133077323981e-02
1.0133333333333337e-01 1.0133333333333337e-01 1.4330697432047368e-01 1.3373845954014094e-02
1.0666666666666672e-01 1.0666666666666672e-01 1.5084944665313019e-01 1.3696529925105705e-02
1.1200000000000004e-01 1.1200000000000004e-01 1.5839191898578669e-01 1.3961203491089823e-02
1.1733333333333336e-01 1.1733333333333336e-01 1.6593439131844320e-01 1.4166398552681401e-02
1.2266666666666670e-01 1.2266666666666670e-01 1.7347686365109971e-01 1.4311191109531367e-02
1.2800000000000003e-01 1.2800000000000003e-01 1.8101933598375622e-01 1.4395198605350126e-02
1.3333333333333339e-01 1.3333333333333339e-01 1.8856180831641273e-01 1.4418544003161799e-02
1.3866666666666669e-01 1.3866666666666669e-01 1.9610428064906923e-01 1.4381790824488023e-02
1.4400000000000004e-01 1.4400000000000004e-01 2.0364675298172574e-01 1.4285857308486721e-02
1.4933333333333337e-01 1.4933333333333337e-01 2.1118922531438225e-01 1.4131920991245724e-02
1.5466666666666673e-01 1.5466666666666673e-01 2.1873169764703876e-01 1.3921326861416426e-02
1.6000000000000003e-01 1.6000000000000003e-01 2.2627416997969527e-01 1.3655512417372539e-02
1.6533333333333339e-01 1.6533333333333339e-01 2.3381664231235177e-01 1.3335961212352615e-02
1.7066666666666672e-01 1.7066666666666672e-01 2.4135911464500828e-01 1.2964192838047053e-02
1.7600000000000005e-01 1.7600000000000005e-01 2.4890158697766479e-01 1.2541792036411150e-02
1.8133333333333337e-01 1.8133333333333337e-01 2.5644405931032133e-01 1.2070473280157293e-02
1.8666666666666673e-01 1.8666666666666673e-01 2.6398653164297781e-01 1.1552170490554292e-02
1.9200000000000006e-01 1.9200000000000006e-01 2.7152900397563434e-01 1.0989135493586910e-02
1.9733333333333336e-01 1.9733333333333336e-01 2.7907147630829082e-01 1.0384024336545844e-02
2.0266666666666669e-01 2.0266666666666669e-01 2.8661394864094730e-01 9.7399486097487185e-03
2.0800000000000007e-01 2.0800000000000007e-01 2.9415642097360384e-01 9.0604701417085470e-03
2.1333333333333337e-01 2.1333333333333337e-01 3.0169889330626037e-01 8.3495222075751999e-03
2.1866666666666670e-01 2.1866666666666670e-01 3.0924136563891685e-01 7.6112485893934457e-03
2.2400000000000003e-01 2.2400000000000003e-01 3.1678383797157333e-01 6.8497627945343139e-03
2.2933333333333339e-01 2.2933333333333339e-01 3.2432631030422987e-01 6.0688422758004542e-03
2.3466666666666672e-01 2.3466666666666672e-01 3.3186878263688635e-01 5.2715849392117806e-03
2.4000000000000005e-01 2.4000000000000005e-01 3.3941125496954289e-01 4.4600656123764898e-03
2.4533333333333338e-01 2.4533333333333338e-01 3.4695372730219937e-01 3.6350364733624321e-03
2.5066666666666676e-01 2.5066666666666676e-01 3.5449619963485590e-01 2.7957159818832547e-03
2.5600000000000006e-01 2.5600000000000006e-01 3.6203867196751238e-01 1.9397045219887903e-03
2.6133333333333336e-01 2.6133333333333336e-01 3.6958114430016892e-01 1.0630516447592084e-03
2.6666666666666672e-01 2.6666666666666672e-01 3.7712361663282540e-01 1.6048061094171923e-04
2.7200000000000008e-01 2.7200000000000008e-01 3.8466608896548193e-01 -7.7424666769507525e-04
2.7733333333333338e-01 2.7733333333333338e-01 3.9220856129813847e-01 -1.7478635416236909e-03
2.8266666666666673e-01 2.8266666666666673e-01 3.9975103363079495e-01 -2.7670882971193777e-03
2.8800000000000003e-01 2.8800000000000003e-01 4.0729350596345143e-01 -3.8381349400493118e-03
2.9333333333333339e-01 2.9333333333333339e-01 4.1483597829610797e-01 -4.9663061259021994e-03
2.9866666666666675e-01 2.9866666666666675e-01 4.2237845062876450e-01 -6.1557108008027800e-03
3.0400000000000005e-01 3.0400000000000005e-01 4.2992092296142098e-01 -7.4091184035983363e-03
3.0933333333333340e-01 3.0933333333333340e-01 4.3746339529407752e-01 -8.7279245613090979e-03
3.1466666666666671e-01 3.1466666666666671e-01 4.4500586762673400e-01 -1.0112170293735786e-02
3.2000000000000006e-01 3.2000000000000006e-01 4.5254833995939053e-01 -1.1560540960952609e-02
3.2533333333333342e-01 3.2533333333333342e-01 4.6009081229204701e-01 -1.3070285606448139e-02
3.3066666666666672e-01 3.3066666666666672e-01 4.6763328462470355e-01 -1.4637049897896189e-02
3.3600000000000008e-01 3.3600000000000008e-01 4.7517575695736003e-01 -1.6254702310758335e-02
3.4133333333333343e-01 3.4133333333333343e-01 4.8271822929001656e-01 -1.7915329124343803e-02
3.4666666666666673e-01 3.4666666666666673e-01 4.9026070162267305e-01 -1.9609628074583694e-02
3.5200000000000009e-01 3.5200000000000009e-01 4.9780317395532953e-01 -2.1327865055707721e-02
3.5733333333333339e-01 3.5733333333333339e-01 5.0534564628798606e-01 -2.3061282668354485e-02
3.6266666666666675e-01 3.6266666666666675e-01 5.1288811862064265e-01 -2.4803304337722831e-02
3.6800000000000010e-01 3.6800000000000010e-01 5.2043059095329902e-01 -2.6549128993816458e-02
3.7333333333333341e-01 3.7333333333333341e-01 5.2797306328595561e-01 -2.8291727594612827e-02
3.7866666666666671e-01 3.7866666666666671e-01 5.3551553561861209e-01 -3.0012815272314603e-02
3.8400000000000006e-01 3.8400000000000006e-01 5.4305800795126857e-01 -3.1671186207478046e-02
3.8933333333333342e-01 3.8933333333333342e-01 5.5060048028392516e-01 -3.3201900159689178e-02
3.9466666666666672e-01 3.9466666666666672e-01 5.5814295261658164e-01 -3.4565413858083024e-02
4.0000000000000013e-01 4.0000000000000013e-01 5.6568542494923812e-01 -3.5938108184110147e-02
